3.186991606875998473e-01
5.666208993925302417e-01
8.223302104277789848e-01
2.431358375019509188e-01
2.307432992147789297e-01
2.613936572023888849e-01
1.904457508300377577e-01
2.613936572023888849e-01
6.135026727213446218e-01
6.865939793246820244e-01
2.039566065843320397e-01
7.999181747707690970e-01
3.186991606875998473e-01
3.186991606875998473e-01
1.110865261990848923e-01
2.384120399416464475e-01
1.926786825600327324e-01
2.007929065027942994e-01
2.504452432888288893e-01
3.253962360429489831e-01
7.773840394846016633e-01
2.832389734581353125e-01
2.500263158571369160e-01
2.041303568729441187e-01
5.994442238210105911e-01
2.302274992211371663e-01
6.652145275132377300e-01
2.969359703994357003e-01
3.253962360429489831e-01
3.681040568658613399e-01
3.253962360429489831e-01
2.034486278160292649e-01
7.999181747707690970e-01
1.291453014191521753e-01
7.999181747707690970e-01
2.121689075838089078e-01
1.294862802254994616e-01
1.708534052714319740e-01
2.883002500904034981e-01
3.577158056934180985e-01
5.121145953602996848e-01
1.018527699710903983e-01
3.186991606875998473e-01
3.186991606875998473e-01
3.186991606875998473e-01
3.171026209276469610e-01
3.186991606875998473e-01
1.923497492876475035e-01
2.147858808902819716e-01
2.492216177571908997e-01
1.934562045817750098e-01
7.773840394846016633e-01
2.832389734581353125e-01
7.773840394846016633e-01
2.832389734581353125e-01
1.812432338590716230e-01
2.016235373851566481e-01
2.731681714338468625e-01
1.751656180037525490e-01
1.722834241433029712e-01
1.820454886410219630e-01
2.059921015581169801e-01
7.408054414033667934e-01
2.718764682211577410e-01
2.080269868212414608e-01
1.846038703042230944e-01
2.832389734581353125e-01
2.832389734581353125e-01
2.212571698315109470e-01
2.222560427958342466e-01
2.832389734581353125e-01
2.832389734581352569e-01
2.832389734581353125e-01
6.852479826088203607e-01
2.431358375019509188e-01
2.832389734581353125e-01
2.832389734581353125e-01
2.832389734581353125e-01
2.832389734581353125e-01
1.636078672460061223e-01
2.731681714338468625e-01
1.820454886410219630e-01
2.731681714338468625e-01
1.820454886410219630e-01
2.003209337116249877e-01
8.191942464311280370e-02
3.171026209276469610e-01
8.019188600974115344e-01
3.171026209276469610e-01
5.559983297337279806e-01
2.322436549181771670e-01
3.472457282216383501e-01
4.811651674777410737e-01
2.236360110553952396e-01
2.574165899290751236e-01
1.989584907511740275e-01
6.865939793246820244e-01
1.806343875236512408e-01
5.559983297337279806e-01
2.287211505125648636e-01
2.041303568729441187e-01
3.681040568658613399e-01
2.041303568729441187e-01
3.681040568658613399e-01
1.722834241433029712e-01
1.722834241433029712e-01
1.636078672460061223e-01
1.722834241433029712e-01
2.307432992147789297e-01
1.294862802254994616e-01
2.307432992147789297e-01
1.294862802254994616e-01
2.034486278160292649e-01
2.958771657633374463e-01
2.034486278160292649e-01
1.457774160088235460e-01
2.147858808902819716e-01
2.076015646137710502e-01
2.613936572023888849e-01
4.744335600067441372e-01
1.636078672460061223e-01
2.613936572023888849e-01
2.613936572023888849e-01
1.923497492876475035e-01
1.636078672460061223e-01
1.923497492876475035e-01
2.012500788984768474e-01
2.613936572023888849e-01
2.307432992147789297e-01
1.636078672460061223e-01
1.917250655851314711e-01
2.613936572023888849e-01
2.613936572023888849e-01
2.307432992147789297e-01
1.636078672460061223e-01
1.636078672460061223e-01
2.958771657633374463e-01
8.223302104277789848e-01
