#Year	Jan	Feb	Mar	Apr	May	Jun	Jul	Aug	Sep	Oct	Nov	Dec
1885	0	0	0	4	0	4	3	6	1	1	0	0
1886	0	0	0	0	0	2	2	2	0	1	0	0
1887	2	0	0	1	0	0	1	3	1	0	0	0
1888	0	0	1	1	3	4	1	3	0	0	0	0
1889	0	0	0	2	4	0	0	5	1	2	0	0
1890	0	0	0	0	2	4	5	2	0	0	0	0
1891	0	0	0	0	5	3	3	3	1	0	0	0
1892	0	0	0	2	1	8	1	0	0	0	0	0
1893	0	0	0	1	3	0	2	1	2	3	0	0
1894	0	0	0	0	5	2	0	3	4	2	0	0
1895	0	0	0	0	0	0	4	0	0	0	0	0
1896	0	1	0	0	0	3	3	0	2	1	0	0
1897	0	0	0	0	3	2	0	5	1	1	1	0
1898	0	0	0	0	1	1	0	1	0	1	0	0
1899	0	0	0	1	1	5	2	3	1	0	0	0
1900	0	0	0	0	1	5	0	1	1	0	1	0
1901	0	0	0	1	2	0	0	2	0	0	0	0
1902	0	0	0	0	4	2	2	4	0	0	1	0
1903	0	0	0	1	2	4	1	2	3	0	0	0
1904	0	0	0	0	1	4	0	3	1	0	0	0
1905	0	0	1	0	2	5	0	2	0	0	0	0
1906	0	0	0	2	1	0	1	0	6	0	0	0
1907	0	0	0	1	1	2	2	1	3	2	0	0
1908	0	0	0	1	0	1	4	2	1	1	0	0
1909	0	0	0	0	1	1	1	0	1	5	0	0
1910	0	0	0	0	0	4	1	1	1	0	0	0
1911	0	0	0	1	4	0	0	5	1	1	0	0
1912	0	0	0	1	0	2	1	1	1	0	0	0
1913	0	0	1	0	0	1	2	1	2	0	0	0
1914	0	0	0	0	2	1	7	0	4	1	2	0
1915	0	0	0	0	2	2	3	2	1	2	0	0
1916	1	0	0	0	3	3	2	1	1	0	0	0
1917	0	0	0	1	2	1	6	1	0	1	0	0
1918	0	0	0	0	1	5	1	4	3	0	1	0
1919	0	0	0	0	0	1	3	4	0	1	0	0
1920	0	0	0	0	2	1	3	0	2	0	1	0
1921	0	0	0	1	6	1	1	4	2	0	0	0
1922	0	0	1	0	0	1	2	1	1	0	0	0
1923	0	0	0	1	0	3	3	5	1	2	0	0
1924	0	0	0	0	4	3	2	1	0	2	0	0
1925	0	0	1	2	0	3	3	0	1	1	0	0
1926	0	0	0	3	0	0	2	0	3	0	1	0
1927	0	0	0	1	5	2	3	3	0	1	0	0
1928	0	0	1	0	3	4	0	1	0	0	0	0
1929	0	0	0	0	1	0	4	3	1	0	0	0
1930	0	0	2	0	1	2	4	1	5	0	0	0
1931	0	0	0	1	3	2	0	3	0	0	0	1
1932	0	0	0	1	0	3	6	4	0	0	0	1
1933	0	0	0	0	0	2	2	0	1	0	0	0
1934	0	0	0	0	1	3	4	5	1	0	0	0
1935	0	0	0	0	0	2	3	0	1	0	0	0
1936	0	0	0	1	2	1	1	4	1	0	0	0
1937	0	0	1	0	2	1	4	2	2	0	0	0
1938	0	0	0	0	2	0	3	1	0	1	0	0
1939	0	0	0	3	3	2	1	1	1	0	1	0
1947	0	0	0	0	0	4	2	4	2	0	0	0
1948	0	0	0	0	2	2	5	1	5	0	0	0
1949	0	1	0	0	0	4	0	2	1	1	1	0
1950	0	0	0	0	2	0	2	1	2	2	0	0
1951	0	0	0	0	4	4	1	4	0	1	0	0
1952	0	0	0	0	0	4	0	1	8	0	0	0
1953	0	0	0	0	2	2	1	3	4	0	0	1
1954	0	0	0	0	0	0	1	2	1	0	1	0
1955	0	0	0	1	4	1	4	4	0	0	0	0
1956	1	0	0	1	0	2	1	2	0	0	0	0
1957	0	1	0	0	6	2	3	3	2	0	0	0
1958	0	0	0	0	2	1	4	0	5	0	0	0
1959	0	1	0	3	0	5	1	4	3	0	0	0
1960	0	0	0	0	1	4	1	4	1	0	2	0
1961	0	0	0	1	1	1	3	2	3	0	1	0
1962	0	0	0	0	1	3	0	0	2	1	0	0
1963	0	0	0	0	0	0	2	0	0	0	0	0
1964	0	0	0	0	2	0	0	2	3	3	0	0
1965	0	0	0	2	1	1	2	0	6	0	0	0
1966	0	0	0	1	1	6	3	1	0	0	0	0
1967	0	0	0	2	0	3	1	5	1	0	0	0
1968	0	0	1	0	1	4	2	6	0	0	0	0
1969	0	0	0	1	2	2	1	2	0	1	0	0
1970	0	0	0	0	3	2	1	2	2	1	0	0
1971	0	0	0	0	1	3	2	3	0	0	0	1
1972	0	0	0	1	5	4	0	4	1	0	1	0
1973	0	0	0	0	4	2	5	4	3	0	0	0
1974	0	0	0	1	2	2	1	1	1	5	0	1
1975	0	0	0	3	3	4	2	3	0	4	0	0
1976	0	0	0	0	1	2	3	3	0	0	0	0
1977	0	0	0	0	2	1	1	0	4	1	0	0
1978	0	0	0	2	3	1	5	0	2	3	0	0
1979	0	0	0	3	2	2	2	6	3	0	0	0
1980	0	0	1	1	2	0	3	1	1	0	0	0
1981	0	0	0	0	3	0	3	0	2	1	1	0
1982	0	0	0	2	4	1	2	4	3	1	0	0
1983	0	0	3	1	3	1	0	3	3	2	0	0
1984	0	0	0	1	3	2	1	2	1	2	0	0
1985	0	0	1	1	0	1	1	3	1	0	0	0
1986	0	0	0	1	1	2	4	2	2	0	0	0
1987	0	0	2	2	4	1	5	0	1	0	0	0
1988	0	0	0	0	0	3	1	3	0	0	0	1
1989	0	0	0	1	3	1	2	2	1	0	0	0
1990	0	1	0	2	0	4	1	1	3	1	0	0
1991	0	0	0	0	0	3	1	2	1	2	0	0
1992	0	0	1	3	3	3	2	0	0	0	0	0
1993	0	0	0	0	3	2	1	0	5	1	1	0
1994	0	0	0	0	1	1	6	3	2	0	0	1
1995	0	0	0	0	0	1	7	7	0	4	0	0
1996	0	0	1	2	2	3	0	1	3	0	0	0
1997	0	0	0	2	1	5	7	5	1	1	0	0
1998	0	1	0	2	2	4	2	0	1	1	0	0
1999	0	0	0	2	0	2	0	4	1	0	0	0
2000	0	0	0	4	2	3	2	5	2	1	0	0
2001	0	0	0	0	1	10	4	3	5	0	0	0
2002	0	0	2	0	1	1	1	3	5	3	0	0
2003	0	0	0	1	1	2	0	3	3	0	0	0
2004	0	0	1	2	1	0	3	3	1	0	0	0
2005	0	0	0	0	3	4	1	4	2	0	0	0
2006	0	0	0	2	4	4	4	2	2	0	1	0
2007	0	0	0	1	2	4	0	3	1	0	0	0
2008	0	0	0	1	1	8	4	3	0	1	1	0
2009	0	0	0	0	2	0	1	2	3	0	0	0
2010	0	1	0	0	1	2	2	1	5	0	0	0
2011	0	0	0	0	1	4	1	1	0	1	0	0
2012	0	0	0	1	1	1	3	1	1	0	0	0
2013	0	0	1	0	2	3	2	3	3	0	0	0
2014	0	0	2	0	5	2	0	3	1	1	0	0
2015	0	0	0	1	4	3	2	0	0	1	0	0
2016	0	0	1	1	2	2	0	2	3	4	1	0
2017	0	0	0	0	1	3	2	4	0	0	0	0
2018	0	0	0	0	0	3	3	4	2	0	0	0
2019	0	0	0	1	0	2	2	4	1	1	0	0
2020	0	0	0	0	2	2	0	3	5	1	0	0